x Att_CNN1
100  0.8391984105110168
200  1.0243215560913086
300  0.5579797625541687
400  0.4327201247215271
500  0.3716680705547333
600  0.3872591257095337
700  0.28498655557632446
800  0.4285562038421631
900  0.2141333967447281
1000  0.1841890811920166
1100  0.28605201840400696
1200  0.15385794639587402
1300  0.26763445138931274
1400  0.23976191878318787
1500  0.2582721710205078
1600  0.17631042003631592
1700  0.20559801161289215
1800  0.10950617492198944
1900  0.2680595815181732
2000  0.165799081325531
2100  0.23090030252933502
2200  0.16170454025268555
2300  0.1750948429107666
2400  0.029421856626868248
2500  0.10458775609731674
2600  0.02917289175093174
2700  0.04412978142499924
2800  0.11269326508045197
2900  0.0487673282623291
3000  0.16378439962863922
3100  0.0997043326497078
3200  0.30783140659332275
3300  0.13102084398269653
3400  0.07929010689258575
3500  0.09558634459972382
3600  0.18077079951763153
3700  0.27818021178245544
3800  0.10968158394098282
3900  0.12152786552906036
4000  0.08305332064628601
4100  0.18225088715553284
4200  0.166284441947937
4300  0.09846604615449905
4400  0.2265455722808838
4500  0.1719735860824585
4600  0.07528595626354218
4700  0.18224382400512695
4800  0.05388098210096359
4900  0.24315649271011353
5000  0.12299558520317078
5100  0.13018453121185303
5200  0.16264156997203827
5300  0.05774984508752823
5400  0.05156722664833069
5500  0.09405824542045593
5600  0.07526910305023193
5700  0.10648325085639954
5800  0.04694850742816925
5900  0.01268559880554676
6000  0.044756121933460236
6100  0.07762520015239716
6200  0.07556591928005219
6300  0.02605368010699749
6400  0.09694544970989227
6500  0.05917014926671982
6600  0.24935206770896912
6700  0.11118209362030029
6800  0.09506649523973465
6900  0.10433369874954224
7000  0.09095532447099686
7100  0.1170017272233963
7200  0.15945374965667725
7300  0.31258565187454224
7400  0.22309473156929016
7500  0.09987291693687439
7600  0.2268434762954712
7700  0.1007658913731575
7800  0.057166531682014465
7900  0.10389309376478195
8000  0.014654562808573246
8100  0.14457659423351288
8200  0.05064643919467926
8300  0.1262277215719223
8400  0.12588366866111755
8500  0.12456396967172623
8600  0.09056809544563293
8700  0.12554042041301727
8800  0.017504118382930756
8900  0.11299646645784378
9000  0.013760674744844437
9100  0.08090939372777939
9200  0.011193830519914627
9300  0.06444555521011353
9400  0.07987937331199646
9500  0.08702386170625687
9600  0.09286001324653625
9700  0.08368770778179169
9800  0.06627455353736877
9900  0.10690724849700928
10000  0.0161017756909132
10100  0.16535335779190063
10200  0.20533153414726257
10300  0.2730313539505005
10400  0.08247432112693787
10500  0.09342799335718155
10600  0.019346894696354866
10700  0.006317634601145983
10800  0.15029571950435638
10900  0.1654110550880432
11000  0.07007312774658203
11100  0.10680016875267029
11200  0.24059641361236572
11300  0.2648533582687378
11400  0.01430097408592701
11500  0.09716847538948059
11600  0.08174089342355728
11700  0.035301633179187775
11800  0.24424849450588226
11900  0.12258722633123398
12000  0.17451561987400055
12100  0.16102825105190277
12200  0.06239849701523781
12300  0.04970923811197281
12400  0.10439763218164444
12500  0.008546775206923485
12600  0.03594840690493584
12700  0.0235744621604681
12800  0.029636230319738388
12900  0.0325106680393219
13000  0.031890422105789185
13100  0.02492431178689003
13200  0.022801335901021957
13300  0.025882739573717117
13400  0.02166663110256195
13500  0.06865725666284561
13600  0.037559784948825836
13700  0.15610618889331818
13800  0.13470900058746338
13900  0.01675574854016304
14000  0.053443245589733124
14100  0.09167440235614777
14200  0.07598055899143219
14300  0.08440034836530685
14400  0.056707631796598434
14500  0.08066718280315399
14600  0.13825459778308868
14700  0.08028503507375717
14800  0.14463725686073303
14900  0.030480651184916496
15000  0.01687527261674404
15100  0.06767306476831436
15200  0.09775365889072418
15300  0.01966981217265129
15400  0.009498810395598412
15500  0.008137097582221031
15600  0.03166569769382477
15700  0.0027910894714295864
15800  0.04299671947956085
15900  0.06924553960561752
16000  0.007383548188954592
16100  0.005854668095707893
16200  0.1011434867978096
16300  0.03875083848834038
16400  0.03960039094090462
16500  0.2204924076795578
16600  0.04534449428319931
16700  0.07888823002576828
16800  0.02422313392162323
16900  0.062010057270526886
17000  0.05715925991535187
17100  0.011699730530381203
17200  0.022204140201210976
17300  0.10932491719722748
17400  0.042434751987457275
17500  0.03565032035112381
17600  0.0020548771135509014
17700  0.014208760112524033
17800  0.03044513612985611
17900  0.07340472936630249
18000  0.021650224924087524
18100  0.16544954478740692
18200  0.10388553887605667
18300  0.015468794852495193
18400  0.14126341044902802
18500  0.02878858894109726
18600  0.07597912847995758
18700  0.010610319674015045
18800  0.04640989378094673
18900  0.02686193957924843
19000  0.004067499190568924
19100  0.00525544211268425
19200  0.039850521832704544
19300  0.0016493502771481872
19400  0.012130693532526493
19500  0.10682126879692078
19600  0.01507304422557354
19700  0.0011778867337852716
19800  0.15555255115032196
19900  0.060734763741493225
20000  0.010932466015219688
20100  0.06455574929714203
20200  0.028888816013932228
20300  0.011723464354872704
20400  0.03254948928952217
20500  0.009176868945360184
20600  0.057875096797943115
20700  0.030831992626190186
20800  0.01741589605808258
20900  0.09914286434650421
21000  0.13221850991249084
21100  0.022176019847393036
21200  0.038435038179159164
21300  0.027286091819405556
21400  0.024196868762373924
21500  0.00758704449981451
21600  0.004989831242710352
21700  0.00820619985461235
21800  0.040758781135082245
21900  0.005356707610189915
22000  0.03292212262749672
22100  0.14804136753082275
22200  0.034893739968538284
22300  0.10925357043743134
22400  0.015429678373038769
22500  0.012725792825222015
22600  0.309394508600235
22700  0.016658145934343338
22800  0.042371079325675964
22900  0.01683594100177288
23000  0.013059336692094803
23100  0.1001405417919159
23200  0.10784753412008286
23300  0.015473658218979836
23400  0.002124256454408169
23500  0.03891997039318085
23600  0.02824161760509014
23700  0.05066258832812309
23800  0.004557421430945396
23900  0.024621685966849327
24000  0.01348027028143406
24100  0.010763104073703289
24200  0.01223874930292368
24300  0.015301551669836044
24400  0.0018363207345828414
24500  0.004388267174363136
24600  0.01900653913617134
24700  0.014211867935955524
24800  0.00195190473459661
24900  0.025317063555121422
25000  0.014050033874809742
25100  0.07305601239204407
25200  0.13740336894989014
25300  0.13652199506759644
25400  0.003721210639923811
25500  0.007717227563261986
25600  0.0057571446523070335
25700  0.08873942494392395
25800  0.04189888387918472
25900  0.011608355678617954
26000  0.010385053232312202
26100  0.03233743831515312
26200  0.091398224234581
26300  0.013889884576201439
26400  0.015876373276114464
26500  0.07902171462774277
26600  0.061382558196783066
26700  0.02130460925400257
26800  0.04645908251404762
26900  0.009750071913003922
27000  0.012340372428297997
27100  0.005076593719422817
27200  0.004430817440152168
27300  0.05840972065925598
27400  0.0026654687244445086
27500  0.21569044888019562
27600  0.016204895451664925
27700  0.08030951023101807
27800  0.018402855843305588
27900  0.017778858542442322
28000  0.050922099500894547
28100  0.03289349004626274
28200  0.004445022437721491
28300  0.008741512894630432
28400  0.002723920391872525
28500  0.08457362651824951
28600  0.011145916767418385
28700  0.04512544348835945
28800  0.01358193438500166
28900  0.06259785592556
29000  0.03778529539704323
29100  0.0023428183048963547
29200  0.07172024250030518
29300  0.04589265212416649
29400  0.0011648134095594287
29500  0.024397918954491615
29600  0.09407227486371994
29700  0.018754076212644577
29800  0.004445284139364958
29900  0.0032892408780753613
30000  0.09337124973535538
30100  0.008266394957900047
30200  0.02567419782280922
30300  0.02675892598927021
30400  0.013675175607204437
30500  0.0032722458709031343
30600  0.015319276601076126
30700  0.002039107261225581
30800  0.028922151774168015
30900  0.016014615073800087
31000  0.11865507066249847
31100  0.004077435005456209
31200  0.010480064898729324
31300  0.03326423093676567
31400  0.01899794116616249
31500  0.12346026301383972
31600  0.002690444700419903
31700  0.04863165318965912
31800  0.002627030946314335
31900  0.004114327020943165
32000  0.032295919954776764
32100  0.0062270094640553
32200  0.004628881346434355
32300  0.008578170090913773
32400  0.017699766904115677
32500  0.001343239564448595
32600  0.015749668702483177
32700  0.004174405708909035
32800  0.007712499238550663
32900  0.01830444298684597
33000  0.002616986632347107
33100  0.01978130266070366
33200  0.009103951044380665
33300  0.022682666778564453
33400  0.0059553575702011585
33500  0.0028452954720705748
33600  0.0010932814329862595
33700  0.004618930164724588
33800  0.000965998275205493
33900  0.0782981663942337
34000  0.10195783525705338
34100  0.0026866700500249863
34200  0.016545766964554787
34300  0.04149579629302025
34400  0.0060174656100571156
34500  0.03987278789281845
34600  0.014977222308516502
34700  0.007263441104441881
34800  0.0007271521026268601
34900  0.04347619041800499
35000  0.0321737565100193
35100  0.1175217553973198
35200  0.010090558789670467
35300  0.0014553156215697527
35400  0.0007413275307044387
35500  0.0030632184352725744
35600  0.014270158484578133
35700  0.0637572705745697
35800  0.03560737147927284
35900  0.0031433047261089087
36000  0.0029539221432060003
36100  0.010613135993480682
36200  0.0227077417075634
36300  0.013836403377354145
36400  0.020040489733219147
36500  0.05692533031105995
36600  0.0076799169182777405
36700  0.0062108892016112804
36800  0.011976401321589947
36900  0.08973066508769989
37000  0.010482887737452984
37100  0.07032627612352371
37200  0.005835683550685644
37300  0.029529917985200882
37400  0.053582146763801575
37500  0.004015152342617512
37600  0.0014829435385763645
37700  0.005223796237260103
37800  0.007566515356302261
37900  0.008062038570642471
38000  0.000952630362007767
38100  0.036139294505119324
38200  0.00073302595410496
38300  0.02563193440437317
38400  0.0018664931412786245
38500  0.01639063097536564
38600  0.0003704603877849877
38700  0.030226895585656166
38800  0.0012120298342779279
38900  0.008382761850953102
39000  0.008894010446965694
39100  0.01557968370616436
39200  0.006325577385723591
39300  0.006694169715046883
39400  0.020074788480997086
39500  0.014277069829404354
39600  0.04255949333310127
39700  0.004444321151822805
39800  0.0003611176507547498
39900  0.03158137574791908
40000  0.0023443889804184437
40100  0.003371273633092642
40200  0.048238884657621384
40300  0.01513371430337429
40400  0.0005727940588258207
40500  0.002408798784017563
40600  0.0004327765782363713
40700  0.0055847931653261185
40800  0.02458069659769535
40900  3.9988692151382565e-05
41000  0.0019314744276925921
41100  0.0034911534748971462
41200  0.00885105412453413
41300  0.03985811397433281
41400  0.006463680416345596
41500  0.051084790378808975
41600  0.001589796505868435
41700  0.0028164756949990988
41800  0.0019962573423981667
41900  0.002341728424653411
42000  0.013261355459690094
42100  0.004334548953920603
42200  0.006576189771294594
42300  0.12268885970115662
42400  0.026819296181201935
42500  0.14989884197711945
42600  0.00611624401062727
42700  0.0024131524842232466
42800  0.0019137408817186952
42900  0.005913966801017523
43000  0.0014270910760387778
43100  0.013028562068939209
43200  0.014221672900021076
43300  0.00019991178123746067
43400  0.0015826039016246796
43500  0.004994328133761883
43600  0.0048590973019599915
43700  0.002370974747464061
43800  0.0008568543125875294
43900  0.0011821830412372947
44000  0.013250344432890415
44100  0.0008475194335915148
44200  0.0012346997391432524
44300  0.003781100269407034
44400  0.00444041145965457
44500  0.016816353425383568
44600  0.0025142456870526075
44700  0.0003987214877270162
44800  0.0015323578845709562
44900  0.0013155655469745398
45000  0.022527283057570457
45100  0.024045199155807495
45200  0.0003327124868519604
45300  0.0021778540685772896
45400  0.004263615235686302
45500  0.009237963706254959
45600  0.0052582877688109875
45700  0.000607211550232023
45800  0.001127380644902587
45900  0.01962284930050373
46000  0.0028709464240819216
46100  6.459526048274711e-05
46200  0.0006649737479165196
46300  0.003925008699297905
46400  0.001408205134794116
46500  0.0014332374557852745
46600  0.019341852515935898
46700  0.010167193599045277
46800  0.0369890034198761
46900  0.002996014663949609
47000  0.022308237850666046
47100  0.001633850741200149
47200  0.0001085168041754514
47300  0.009748904965817928
47400  0.03087117150425911
47500  0.0003429107600823045
47600  0.0011328733526170254
47700  0.00617760606110096
47800  0.0005214653792791069
47900  0.0064645553939044476
48000  0.0030566195491701365
48100  0.007038756739348173
48200  0.016403449699282646
48300  0.0018311948515474796
48400  0.00022395177802536637
48500  0.0024750297889113426
48600  0.000607837166171521
48700  0.0002014215715462342
48800  0.005044986493885517
48900  0.0005626955535262823
49000  0.0003848093328997493
49100  0.001636274391785264
49200  0.0020329279359430075
49300  0.03298008441925049
49400  8.043229172471911e-05
49500  0.16213062405586243
49600  0.0015769093297421932
49700  0.0003187231777701527
49800  0.0030767309945076704
49900  0.00025046407245099545
50000  0.0006011197692714632
