x Base_CNN
100  2.4804470539093018
200  1.281327724456787
300  1.0687350034713745
400  0.9131408929824829
500  0.9382827877998352
600  0.6610674858093262
700  0.6134686470031738
800  0.7396550178527832
900  0.5886748433113098
1000  0.47525104880332947
1100  0.5026410222053528
1200  0.5695689916610718
1300  0.26813679933547974
1400  0.4279741048812866
1500  0.4536396861076355
1600  0.36681628227233887
1700  0.22999343276023865
1800  0.39406079053878784
1900  0.3042909801006317
2000  0.28978633880615234
2100  0.3513329029083252
2200  0.281131386756897
2300  0.2219148576259613
2400  0.2559971213340759
2500  0.1703907996416092
2600  0.187893345952034
2700  0.22820131480693817
2800  0.2688620090484619
2900  0.10039687156677246
3000  0.10654175281524658
3100  0.1407940685749054
3200  0.3563726544380188
3300  0.30302298069000244
3400  0.1272176057100296
3500  0.12951582670211792
3600  0.20241686701774597
3700  0.03704597055912018
3800  0.3008140027523041
3900  0.07623079419136047
4000  0.17507997155189514
4100  0.09888128936290741
4200  0.35342299938201904
4300  0.1649424135684967
4400  0.234878271818161
4500  0.17065633833408356
4600  0.10510934144258499
4700  0.058838389813899994
4800  0.14987266063690186
4900  0.31980225443840027
5000  0.09860275685787201
5100  0.059046536684036255
5200  0.09424734115600586
5300  0.2521582543849945
5400  0.13845591247081757
5500  0.17707577347755432
5600  0.10386116057634354
5700  0.26999226212501526
5800  0.04528342932462692
5900  0.05099445581436157
6000  0.34371593594551086
6100  0.13077104091644287
6200  0.20656144618988037
6300  0.12960493564605713
6400  0.14131933450698853
6500  0.08120980858802795
6600  0.3124644160270691
6700  0.2976861596107483
6800  0.277998149394989
6900  0.07218367606401443
7000  0.2042882740497589
7100  0.3466200530529022
7200  0.06702468544244766
7300  0.13136732578277588
7400  0.06322284787893295
7500  0.0820152685046196
7600  0.09899372607469559
7700  0.006276367697864771
7800  0.045160356909036636
7900  0.10986436903476715
8000  0.08803665637969971
8100  0.23996983468532562
8200  0.030067244544625282
8300  0.1320500671863556
8400  0.041093360632658005
8500  0.17135778069496155
8600  0.07231470942497253
8700  0.07206925749778748
8800  0.03622506186366081
8900  0.19873061776161194
9000  0.11133602261543274
9100  0.03200472146272659
9200  0.043940212577581406
9300  0.0684690922498703
9400  0.17086008191108704
9500  0.07008776813745499
9600  0.06703641265630722
9700  0.08764753490686417
9800  0.11267267912626266
9900  0.045262448489665985
10000  0.26879775524139404
10100  0.19358864426612854
10200  0.09005224704742432
10300  0.031099053099751472
10400  0.03568003326654434
10500  0.11576437950134277
10600  0.04112682119011879
10700  0.12081049382686615
10800  0.033634938299655914
10900  0.31302040815353394
11000  0.24027729034423828
11100  0.06664179265499115
11200  0.040744598954916
11300  0.10709798336029053
11400  0.20987021923065186
11500  0.01920882798731327
11600  0.17939059436321259
11700  0.16348138451576233
11800  0.03798490762710571
11900  0.14167605340480804
12000  0.2868117690086365
12100  0.009093450382351875
12200  0.13702552020549774
12300  0.07904475927352905
12400  0.11776690930128098
12500  0.019208775833249092
12600  0.11933156102895737
12700  0.016295645385980606
12800  0.0979272723197937
12900  0.033578529953956604
13000  0.04799117147922516
13100  0.01954635977745056
13200  0.18486464023590088
13300  0.034977369010448456
13400  0.012321668677031994
13500  0.009827855043113232
13600  0.2821531593799591
13700  0.05993779003620148
13800  0.08762495219707489
13900  0.05459839105606079
14000  0.02734033763408661
14100  0.041899893432855606
14200  0.011887078173458576
14300  0.1497073471546173
14400  0.2675652801990509
14500  0.03909240663051605
14600  0.023076223209500313
14700  0.02129259519279003
14800  0.13234299421310425
14900  0.0070695336908102036
15000  0.02335256338119507
15100  0.15083833038806915
15200  0.049253202974796295
15300  0.029106058180332184
15400  0.0659838616847992
15500  0.06964129209518433
15600  0.04459663853049278
15700  0.07252533733844757
15800  0.0033615618012845516
15900  0.07565470039844513
16000  0.0586366131901741
16100  0.06718453019857407
16200  0.11481815576553345
16300  0.17303936183452606
16400  0.045173950493335724
16500  0.03109981305897236
16600  0.053822681307792664
16700  0.017069432884454727
16800  0.02288280613720417
16900  0.07694531977176666
17000  0.06418222188949585
17100  0.07105183601379395
17200  0.033873051404953
17300  0.033801041543483734
17400  0.15619438886642456
17500  0.015406198799610138
17600  0.01519014686346054
17700  0.0279751718044281
17800  0.3132564127445221
17900  0.14972110092639923
18000  0.0030638687312602997
18100  0.0016669672913849354
18200  0.12703438103199005
18300  0.10852640122175217
18400  0.2522547245025635
18500  0.16023515164852142
18600  0.09638334810733795
18700  0.11472754925489426
18800  0.08741217851638794
18900  0.1171887069940567
19000  0.021790385246276855
19100  0.06181564927101135
19200  0.030754799023270607
19300  0.0011938282987102866
19400  0.029588423669338226
19500  0.10498763620853424
19600  0.03872065991163254
19700  0.045302193611860275
19800  0.052875448018312454
19900  0.12198054790496826
20000  0.006926021538674831
20100  0.18894001841545105
20200  0.0399031937122345
20300  0.016634304076433182
20400  0.029323186725378036
20500  0.07989425957202911
20600  0.011169329285621643
20700  0.040170975029468536
20800  0.08179142326116562
20900  0.06062665581703186
21000  0.09851973503828049
21100  0.02961297705769539
21200  0.06515423953533173
21300  0.1656360924243927
21400  0.07876613736152649
21500  0.02947114035487175
21600  0.02982501871883869
21700  0.049170371145009995
21800  0.00196165032684803
21900  0.0314110666513443
22000  0.05202767625451088
22100  0.0488705113530159
22200  0.002511634025722742
22300  0.043752700090408325
22400  0.008316830731928349
22500  0.05323295295238495
22600  0.04708099365234375
22700  0.09949468076229095
22800  0.06185536086559296
22900  0.03833361342549324
23000  0.0901249498128891
23100  0.016047796234488487
23200  0.010444849729537964
23300  0.004471476189792156
23400  0.024644190445542336
23500  0.05217646807432175
23600  0.028991805389523506
23700  0.00926444586366415
23800  0.01707722619175911
23900  0.03833872824907303
24000  0.044058091938495636
24100  0.0804450660943985
24200  0.1086331233382225
24300  0.048400335013866425
24400  0.0010859405156224966
24500  0.00475963344797492
24600  0.07785974442958832
24700  0.030079741030931473
24800  0.08183503150939941
24900  0.020528720691800117
25000  0.04880255460739136
25100  0.025716744363307953
25200  0.06071065366268158
25300  0.03827163577079773
25400  0.025158803910017014
25500  0.0052138702012598515
25600  0.06073065102100372
25700  0.02700570411980152
25800  0.13796859979629517
25900  0.0032344229985028505
26000  0.07903776317834854
26100  0.0252632275223732
26200  0.0171075277030468
26300  0.19464828073978424
26400  0.04007289186120033
26500  0.027346225455403328
26600  0.012592541985213757
26700  0.01873045600950718
26800  0.052021052688360214
26900  0.011567969806492329
27000  0.008532480336725712
27100  0.013951964676380157
27200  0.0017689132364466786
27300  0.033858973532915115
27400  0.015351837500929832
27500  0.027851123362779617
27600  0.007890713401138783
27700  0.0015482384478673339
27800  0.028068456798791885
27900  0.035722848027944565
28000  0.049675941467285156
28100  0.0035871388390660286
28200  0.038446132093667984
28300  0.02184206061065197
28400  0.13312016427516937
28500  0.014764618128538132
28600  0.005481785628944635
28700  0.015962406992912292
28800  0.011795482598245144
28900  0.0033399593085050583
29000  0.16725115478038788
29100  0.0818348377943039
29200  0.020771335810422897
29300  0.0021704640239477158
29400  0.00929274596273899
29500  0.015959449112415314
29600  0.022714337334036827
29700  0.006398073397576809
29800  0.09923498332500458
29900  0.002290906850248575
30000  0.04004620388150215
30100  0.017960285767912865
30200  0.08179950714111328
30300  0.008681366220116615
30400  0.18144458532333374
30500  0.14974600076675415
30600  0.003926784731447697
30700  0.0014802956720814109
30800  0.0009422330767847598
30900  0.05046958103775978
31000  0.01965259201824665
31100  0.4116646647453308
31200  0.017868854105472565
31300  0.08599351346492767
31400  0.03693912550806999
31500  0.2007857710123062
31600  0.005368464160710573
31700  0.004993156064301729
31800  0.03055582381784916
31900  0.06656484305858612
32000  0.09891290962696075
32100  0.03413335978984833
32200  0.015667760744690895
32300  0.00462633790448308
32400  0.026051796972751617
32500  0.08987899124622345
32600  0.004401560872793198
32700  0.01957397721707821
32800  0.002777060493826866
32900  0.041061826050281525
33000  0.022282684221863747
33100  0.002365642925724387
33200  0.008669750764966011
33300  0.01978183537721634
33400  0.005183822475373745
33500  0.062095507979393005
33600  0.033145248889923096
33700  0.0033207954838871956
33800  0.014006605371832848
33900  0.009515619836747646
34000  0.02321036346256733
34100  0.0019177896901965141
34200  0.0031995559111237526
34300  0.0023745824582874775
34400  0.011131864041090012
34500  0.016032520681619644
34600  0.003413523780182004
34700  0.03633879870176315
34800  0.014095458202064037
34900  0.0015759998932480812
35000  0.035572949796915054
35100  0.07606406509876251
35200  0.005760943051427603
35300  0.011493737809360027
35400  0.0037720873951911926
35500  0.002058019395917654
35600  0.00013328393106348813
35700  0.008776087313890457
35800  0.026012521237134933
35900  0.006201162468641996
36000  0.03207967430353165
36100  0.016952266916632652
36200  0.0004383923951536417
36300  0.021370865404605865
36400  0.05988020449876785
36500  0.013747482560575008
36600  0.021560510620474815
36700  0.12146686017513275
36800  0.3295728862285614
36900  0.07773436605930328
37000  0.03411217778921127
37100  0.09688566625118256
37200  0.05172501131892204
37300  0.05896447226405144
37400  0.01657189056277275
37500  0.011953682638704777
37600  0.00330946478061378
37700  0.0027279253117740154
37800  0.07084732502698898
37900  0.005707168020308018
38000  0.006042533088475466
38100  0.004275585524737835
38200  0.048160258680582047
38300  0.0020614403765648603
38400  0.163707435131073
38500  0.009047918021678925
38600  0.00032375534647144377
38700  0.11595488339662552
38800  0.04554393142461777
38900  0.00999250914901495
39000  0.011693297885358334
39100  0.006149080116301775
39200  0.009515643119812012
39300  0.0123495664447546
39400  0.17767487466335297
39500  0.11906106770038605
39600  0.035071343183517456
39700  0.0217452310025692
39800  0.06075352430343628
39900  0.009200666099786758
40000  0.1186503916978836
40100  0.002832048339769244
40200  0.011199980974197388
40300  0.0013612237526103854
40400  0.001352028688415885
40500  0.009855994954705238
40600  0.12840132415294647
40700  0.021034108474850655
40800  0.018067993223667145
40900  0.00756836449727416
41000  0.04725754261016846
41100  9.573994611855596e-05
41200  0.0043608155101537704
41300  0.052260544151067734
41400  0.006360671017318964
41500  0.0042043221183121204
41600  0.16757144033908844
41700  0.014710120856761932
41800  0.0022510234266519547
41900  0.0033901080023497343
42000  0.0012072152458131313
42100  0.031080545857548714
42200  0.00014740429469384253
42300  0.01113935187458992
42400  0.044978100806474686
42500  0.02154027298092842
42600  0.0009113639825955033
42700  0.010157396085560322
42800  0.04651206359267235
42900  0.16260045766830444
43000  0.01193623710423708
43100  0.00062966113910079
43200  0.0033546905033290386
43300  0.01672985404729843
43400  0.002350345952436328
43500  3.2063686376204714e-05
43600  0.06686370074748993
43700  0.32948920130729675
43800  0.017068469896912575
43900  0.005287370178848505
44000  0.004354320932179689
44100  0.003964281175285578
44200  0.05991716310381889
44300  0.00018616871966514736
44400  0.05634791776537895
44500  0.0015803674468770623
44600  0.000678623269777745
44700  0.007040056865662336
44800  0.003639049595221877
44900  0.02076181210577488
45000  0.0067426045425236225
45100  0.0015091332606971264
45200  0.02580835297703743
45300  0.001109991455450654
45400  0.005805711727589369
45500  0.0015261606313288212
45600  0.002756493166089058
45700  0.01410445012152195
45800  0.07267414778470993
45900  0.005951313301920891
46000  0.07284954935312271
46100  0.009515833109617233
46200  0.00045833110925741494
46300  0.020063739269971848
46400  0.0018486984772607684
46500  0.01559813879430294
46600  0.01879882626235485
46700  7.893711881479248e-05
46800  0.24334131181240082
46900  0.006759813986718655
47000  0.17497248947620392
47100  0.029160059988498688
47200  0.002097461139783263
47300  0.030808011069893837
47400  0.0015679247444495559
47500  0.006099434103816748
47600  0.0036300746724009514
47700  1.192941090266686e-05
47800  0.0067117647267878056
47900  0.0020252219401299953
48000  0.011738159693777561
48100  0.0016395787242799997
48200  0.0012207936961203814
48300  0.0005858616787008941
48400  0.018199389800429344
48500  0.054897308349609375
48600  0.000846153823658824
48700  6.791259511373937e-05
48800  0.06094314157962799
48900  0.13330626487731934
49000  0.07011760771274567
49100  0.02979135513305664
49200  0.034166548401117325
49300  0.013610427267849445
49400  0.006205134559422731
49500  0.0007937455666251481
49600  0.00018505075422581285
49700  0.00017501595721114427
49800  0.09110454469919205
49900  0.033849574625492096
50000  0.03796391934156418
